trace_ep4_b1_temporal_b1_g128 42 threshold 0.9 0 1 32 0,1,2,3 395 58.774837017059326 112.25 6.72247800797269 15.283000635846774 2.2734177215189875 2.278481012658228 7.301899702180782 17.71316379570805 2.4591731737707088 /home/esjung/MLLM-EP-llada2-flash-100b/poc_llada2_flash_ep/data/bounded_eval/gsm8k_8.json
trace_ep4_b2_temporal_b2_g128 42 threshold 0.9 0 2 32 0,1,2,3 446 62.278964042663574 123.875 7.161801626320373 15.913330519469708 2.2219730941704037 2.0179372197309418 7.1615430675898155 16.20089310604976 1.0697525044910052 /home/esjung/MLLM-EP-llada2-flash-100b/poc_llada2_flash_ep/data/bounded_eval/gsm8k_8.json
trace_ep4_b16_micro8_g32 42 threshold 0.9 0 16 32 0,1,2,3 57 11.719353437423706 83.875 4.864596692982218 57.265690894580146 11.771929824561404 2.3157894736842106 4.864596692982218 57.265690894580146 0.5614035087719298 /home/esjung/MLLM-EP-llada2-flash-100b/poc_llada2_flash_ep/data/bounded_eval/gsm8k_8.json
trace_ep4_b16_micro16_g32 42 threshold 0.9 0 16 32 0,1,2,3 57 12.722217082977295 83.875 4.481096620820124 52.751154957373735 11.771929824561404 2.3157894736842106 4.481096620820124 52.751154957373735 0.5614035087719298 /home/esjung/MLLM-EP-llada2-flash-100b/poc_llada2_flash_ep/data/bounded_eval/gsm8k_8.json
trace_ep4_b16_micro16_g32_full 42 threshold 0.9 0 16 32 0,1,2,3 81 21.171118021011353 51.40625 3.8267855619010924 77.71681789292958 20.308641975308642 6.481481481481482 3.797153487275071 76.71794832763004 0.6755244755244756 /home/esjung/MLLM-EP-llada2-flash-100b/poc_llada2_flash_ep/data/bounded_eval_32/gsm8k_32.json
trace_ep4_b16_micro8_g32_full 42 threshold 0.9 0 16 32 0,1,2,3 98 29.568504810333252 51.40625 3.3148470662489427 55.642075754892964 16.785714285714285 5.357142857142857 3.3225757473821047 55.67349739539686 0.561386615310544 /home/esjung/MLLM-EP-llada2-flash-100b/poc_llada2_flash_ep/data/bounded_eval_32/gsm8k_32.json
quality_humaneval_ep4_r1 42 threshold 0.9 0 4 32 0,1,2,3 410 28.667466640472412 119.34375 14.305937461311323 133.25457357255596 9.314634146341463 8.768292682926829 14.326314206778932 141.86435962157768 2.382551574796179 /home/esjung/MLLM-EP-llada2-flash-100b/poc_llada2_flash_ep/data/bounded_eval_32/humaneval_32.json
quality_humaneval_tp4_r1 42 threshold 0.9 0 4 32 0,1,2,3 421 39.8165922164917 119.34375 10.57576022189978 95.93545911504812 9.07125890736342 8.539192399049881 10.714077922829802 104.93191779495884 2.3453879948765 /home/esjung/MLLM-EP-llada2-flash-100b/poc_llada2_flash_ep/data/bounded_eval_32/humaneval_32.json
quality_gsm8k_tp4_r1 42 threshold 0.9 0 4 32 0,1,2,3 519 48.276779890060425 119.25 10.753149174833917 79.06361705427018 7.3526011560693645 6.930635838150289 10.72565025876964 80.71296342144566 1.832006457156781 /home/esjung/MLLM-EP-llada2-flash-100b/poc_llada2_flash_ep/data/bounded_eval_32/gsm8k_32.json
quality_gsm8k_ep4_r1 42 threshold 0.9 0 4 32 0,1,2,3 504 34.028486013412476 119.25 14.81462524106459 112.16787682520332 7.571428571428571 7.136904761904762 14.804690499969697 114.76569839091906 1.8786234611720158 /home/esjung/MLLM-EP-llada2-flash-100b/poc_llada2_flash_ep/data/bounded_eval_32/gsm8k_32.json
trace_tp4_b16_micro8_g32_full 42 threshold 0.9 0 16 32 0,1,2,3 103 9.430333614349365 51.40625 10.927642291414495 174.52399581919266 15.970873786407767 5.097087378640777 11.602598996601447 186.08413745274174 0.5378521126760564 /home/esjung/MLLM-EP-llada2-flash-100b/poc_llada2_flash_ep/data/bounded_eval_32/gsm8k_32.json
trace_tp4_b16_micro16_g32_full 42 threshold 0.9 0 16 32 0,1,2,3 81 7.55480432510376 51.40625 10.72826108374633 217.87641336744093 20.308641975308642 6.481481481481482 11.184314638519247 225.5619459060426 0.6755244755244756 /home/esjung/MLLM-EP-llada2-flash-100b/poc_llada2_flash_ep/data/bounded_eval_32/gsm8k_32.json
trace_ep4_b16_blockonly_micro8_g32 42 threshold 0.9 0 16 32 0,1,2,3 98 8.247614860534668 51.40625 11.888588240061319 199.55844545817214 16.785714285714285 5.357142857142857 11.896266393145407 199.33956822087424 0.561386615310544 /home/esjung/MLLM-EP-llada2-flash-100b/poc_llada2_flash_ep/data/bounded_eval_32/gsm8k_32.json
trace_ep4_b16_blockonly_micro16_g32 42 threshold 0.9 0 16 32 0,1,2,3 81 7.817437171936035 51.40625 10.367572869159748 210.55132555268872 20.308641975308642 6.481481481481482 10.04610056192007 203.33435909015122 0.6755244755244756 /home/esjung/MLLM-EP-llada2-flash-100b/poc_llada2_flash_ep/data/bounded_eval_32/gsm8k_32.json
quality_gsm8k_tp4_r2 42 threshold 0.9 0 4 32 0,1,2,3 519 30.13356065750122 119.25 17.22809155419531 126.67128587824529 7.3526011560693645 6.930635838150289 17.21004247198076 130.05160730050937 1.832006457156781 /home/esjung/MLLM-EP-llada2-flash-100b/poc_llada2_flash_ep/data/bounded_eval_32/gsm8k_32.json
quality_gsm8k_ep4_r2 42 threshold 0.9 0 4 32 0,1,2,3 504 38.39609885215759 119.25 13.129042744781266 99.40560935334386 7.571428571428571 7.136904761904762 13.117652846810685 101.65290303759183 1.8786234611720158 /home/esjung/MLLM-EP-llada2-flash-100b/poc_llada2_flash_ep/data/bounded_eval_32/gsm8k_32.json
quality_gsm8k_ep4_r3 42 threshold 0.9 0 4 32 0,1,2,3 504 42.42845320701599 119.25 11.881693089368039 89.96139053378658 7.571428571428571 7.136904761904762 11.884118187186665 92.1510045904638 1.8786234611720158 /home/esjung/MLLM-EP-llada2-flash-100b/poc_llada2_flash_ep/data/bounded_eval_32/gsm8k_32.json
quality_gsm8k_tp4_r3 42 threshold 0.9 0 4 32 0,1,2,3 519 31.710939407348633 119.25 16.37086008804861 120.36840480923601 7.3526011560693645 6.930635838150289 16.68526251284456 127.31874717607299 1.832006457156781 /home/esjung/MLLM-EP-llada2-flash-100b/poc_llada2_flash_ep/data/bounded_eval_32/gsm8k_32.json
quality_gsm8k_tp4_r4 42 threshold 0.9 0 4 32 0,1,2,3 519 39.272910594940186 119.25 13.218726718881005 97.19202535500946 7.3526011560693645 6.930635838150289 13.54888241495368 100.02699625632602 1.832006457156781 /home/esjung/MLLM-EP-llada2-flash-100b/poc_llada2_flash_ep/data/bounded_eval_32/gsm8k_32.json
quality_gsm8k_ep4_r4 42 threshold 0.9 0 4 32 0,1,2,3 504 36.124215841293335 119.25 13.954960658533011 105.65898784317851 7.571428571428571 7.136904761904762 13.992579768578896 108.94837792741114 1.8786234611720158 /home/esjung/MLLM-EP-llada2-flash-100b/poc_llada2_flash_ep/data/bounded_eval_32/gsm8k_32.json
quality_gsm8k_ep4_r5 42 threshold 0.9 0 4 32 0,1,2,3 504 53.12371468544006 119.25 9.488703168012416 71.843038272094 7.571428571428571 7.136904761904762 9.490345104625753 73.62182371549626 1.8786234611720158 /home/esjung/MLLM-EP-llada2-flash-100b/poc_llada2_flash_ep/data/bounded_eval_32/gsm8k_32.json
quality_gsm8k_tp4_r5 42 threshold 0.9 0 4 32 0,1,2,3 519 34.395528078079224 119.25 15.092720856672454 110.97075681900209 7.3526011560693645 6.930635838150289 15.053513794821278 113.1871591240662 1.832006457156781 /home/esjung/MLLM-EP-llada2-flash-100b/poc_llada2_flash_ep/data/bounded_eval_32/gsm8k_32.json
